No	TMNo	EnNo	Name		GMNo	Mode	IN/OUT	Antipass	DateTime
22021	1	420	          	1	1	 	0	07-31-2017  09:16:25AM
22022	1	425	          	1	1	 	0	07-31-2017  09:22:19AM
22023	1	425	          	1	1	 	0	07-31-2017  09:22:20AM
22024	1	387	          	1	1	 	0	07-31-2017  09:34:13AM
22025	1	417	          	1	1	 	0	07-31-2017  09:34:31AM
22026	1	363	          	1	1	 	0	07-31-2017  09:39:24AM
22027	1	419	          	1	1	 	0	07-31-2017  09:40:41AM
22028	1	419	          	1	1	 	0	07-31-2017  09:40:41AM
22029	1	416	          	1	1	 	0	07-31-2017  09:46:34AM
22030	1	376	          	1	1	 	0	07-31-2017  09:58:10AM
22031	1	384	          	1	1	 	0	07-31-2017  09:59:52AM
22032	1	405	          	1	1	 	0	07-31-2017  10:00:46AM
22033	1	405	          	1	1	 	0	07-31-2017  10:00:47AM
22034	1	424	          	1	1	 	0	07-31-2017  10:02:12AM
22035	1	403	          	1	1	 	0	07-31-2017  10:11:32AM
22036	1	391	          	1	1	 	0	07-31-2017  10:16:04AM
22037	1	394	          	1	1	 	0	07-31-2017  10:21:00AM
22038	1	357	          	1	1	 	0	07-31-2017  10:22:26AM
22039	1	320	          	1	1	 	0	07-31-2017  10:25:02AM
22040	1	368	          	1	1	 	0	07-31-2017  10:29:54AM
22041	1	421	          	1	1	 	0	07-31-2017  10:32:35AM
22042	1	386	          	1	1	 	0	07-31-2017  10:34:04AM
22043	1	386	          	1	1	 	0	07-31-2017  10:34:06AM
22044	1	288	          	1	1	 	0	07-31-2017  10:35:36AM
22045	1	351	          	1	1	 	0	07-31-2017  10:35:41AM
22046	1	395	          	1	1	 	0	07-31-2017  10:36:44AM
22047	1	422	          	1	1	 	0	07-31-2017  10:36:49AM
22048	1	313	          	1	1	 	0	07-31-2017  10:37:32AM
22049	1	406	          	1	1	 	0	07-31-2017  10:39:51AM
22050	1	399	          	1	1	 	0	07-31-2017  10:39:55AM
22051	1	397	          	1	1	 	0	07-31-2017  10:41:02AM
22052	1	393	          	1	3	 	0	07-31-2017  11:25:32AM
22053	1	370	          	1	1	 	0	07-31-2017  11:44:45AM
22054	1	423	          	1	1	 	0	07-31-2017  11:53:48AM
22055	1	423	          	1	1	 	0	07-31-2017  06:12:17PM
22056	1	417	          	1	1	 	0	07-31-2017  06:39:50PM
22057	1	425	          	1	1	 	0	07-31-2017  06:40:31PM
22058	1	425	          	1	1	 	0	07-31-2017  06:40:32PM
22059	1	363	          	1	1	 	0	07-31-2017  06:49:51PM
22060	1	387	          	1	1	 	0	07-31-2017  06:49:58PM
22061	1	424	          	1	1	 	0	07-31-2017  07:03:43PM
22062	1	376	          	1	1	 	0	07-31-2017  07:06:16PM
22063	1	416	          	1	1	 	0	07-31-2017  07:09:18PM
22064	1	419	          	1	1	 	0	07-31-2017  07:09:25PM
22065	1	419	          	1	1	 	0	07-31-2017  07:09:26PM
22066	1	405	          	1	1	 	0	07-31-2017  07:10:22PM
22067	1	421	          	1	1	 	0	07-31-2017  07:15:02PM
22068	1	370	          	1	1	 	0	07-31-2017  07:18:07PM
22069	1	393	          	1	3	 	0	07-31-2017  07:18:35PM
22070	1	403	          	1	1	 	0	07-31-2017  07:19:45PM
22071	1	403	          	1	1	 	0	07-31-2017  07:19:46PM
22072	1	368	          	1	1	 	0	07-31-2017  07:33:09PM
22073	1	384	          	1	1	 	0	07-31-2017  07:33:21PM
22074	1	420	          	1	1	 	0	07-31-2017  07:36:50PM
22075	1	395	          	1	1	 	0	07-31-2017  07:37:07PM
22076	1	422	          	1	1	 	0	07-31-2017  07:37:16PM
22077	1	351	          	1	1	 	0	07-31-2017  07:37:36PM
22078	1	351	          	1	1	 	0	07-31-2017  07:37:37PM
22079	1	357	          	1	1	 	0	07-31-2017  07:37:39PM
22080	1	357	          	1	1	 	0	07-31-2017  07:37:40PM
22081	1	391	          	1	1	 	0	07-31-2017  07:38:18PM
22082	1	397	          	1	1	 	0	07-31-2017  07:38:51PM
22083	1	394	          	1	1	 	0	07-31-2017  07:39:25PM
22084	1	406	          	1	1	 	0	07-31-2017  07:39:37PM
22085	1	320	          	1	1	 	0	07-31-2017  07:39:45PM
22086	1	320	          	1	1	 	0	07-31-2017  07:39:46PM
22087	1	320	          	1	1	 	0	07-31-2017  07:39:47PM
22088	1	320	          	1	1	 	0	07-31-2017  07:39:48PM
22089	1	320	          	1	1	 	0	07-31-2017  07:39:49PM
22090	1	320	          	1	1	 	0	07-31-2017  07:39:53PM
22091	1	399	          	1	1	 	0	07-31-2017  07:40:04PM
22092	1	399	          	1	1	 	0	07-31-2017  07:40:05PM
22093	1	288	          	1	1	 	0	07-31-2017  07:43:39PM
22094	1	288	          	1	1	 	0	07-31-2017  07:43:41PM
22095	1	288	          	1	1	 	0	07-31-2017  07:43:42PM
22096	1	288	          	1	1	 	0	07-31-2017  07:43:43PM
22097	1	288	          	1	1	 	0	07-31-2017  07:43:44PM
22098	1	288	          	1	1	 	0	07-31-2017  07:43:44PM
22099	1	288	          	1	1	 	0	07-31-2017  07:43:45PM
22100	1	288	          	1	1	 	0	07-31-2017  07:43:46PM
22101	1	288	          	1	1	 	0	07-31-2017  07:43:47PM
22102	1	313	          	1	1	 	0	07-31-2017  07:43:51PM
22103	1	320	          	1	1	 	0	07-31-2017  07:44:03PM
22104	1	386	          	1	1	 	0	07-31-2017  07:44:11PM
22105	1	386	          	1	1	 	0	07-31-2017  07:44:11PM
22106	1	415	          	1	1	 	0	07-31-2017  07:44:14PM
22107	1	415	          	1	1	 	0	07-31-2017  07:44:16PM
22108	1	415	          	1	1	 	0	08-01-2017  08:57:47AM
22109	1	415	          	1	1	 	0	08-01-2017  08:57:49AM
22110	1	420	          	1	1	 	0	08-01-2017  09:07:03AM
22111	1	421	          	1	1	 	0	08-01-2017  09:22:14AM
22112	1	425	          	1	1	 	0	08-01-2017  09:27:18AM
22113	1	387	          	1	1	 	0	08-01-2017  09:29:37AM
22114	1	416	          	1	1	 	0	08-01-2017  09:31:59AM
22115	1	363	          	1	1	 	0	08-01-2017  09:35:12AM
22116	1	370	          	1	1	 	0	08-01-2017  09:36:36AM
22117	1	419	          	1	1	 	0	08-01-2017  09:50:16AM
22118	1	405	          	1	1	 	0	08-01-2017  09:55:06AM
22119	1	424	          	1	1	 	0	08-01-2017  09:56:26AM
22120	1	384	          	1	1	 	0	08-01-2017  10:03:29AM
22121	1	403	          	1	1	 	0	08-01-2017  10:11:40AM
22122	1	394	          	1	1	 	0	08-01-2017  10:15:57AM
22123	1	393	          	1	3	 	0	08-01-2017  10:15:58AM
22124	1	377	          	1	1	 	0	08-01-2017  10:19:37AM
22125	1	368	          	1	1	 	0	08-01-2017  10:26:30AM
22126	1	368	          	1	1	 	0	08-01-2017  10:26:32AM
22127	1	391	          	1	1	 	0	08-01-2017  10:26:36AM
22128	1	320	          	1	1	 	0	08-01-2017  10:26:39AM
22129	1	313	          	1	1	 	0	08-01-2017  10:33:48AM
22130	1	386	          	1	1	 	0	08-01-2017  10:36:59AM
22131	1	386	          	1	1	 	0	08-01-2017  10:37:00AM
22132	1	397	          	1	1	 	0	08-01-2017  10:37:02AM
22133	1	397	          	1	1	 	0	08-01-2017  10:37:03AM
22134	1	399	          	1	1	 	0	08-01-2017  10:37:33AM
22135	1	399	          	1	1	 	0	08-01-2017  10:37:35AM
22136	1	399	          	1	1	 	0	08-01-2017  10:37:36AM
22137	1	351	          	1	1	 	0	08-01-2017  10:42:13AM
22138	1	351	          	1	1	 	0	08-01-2017  10:42:14AM
22139	1	357	          	1	1	 	0	08-01-2017  10:43:26AM
22140	1	288	          	1	1	 	0	08-01-2017  10:44:27AM
22141	1	406	          	1	1	 	0	08-01-2017  10:44:35AM
22142	1	395	          	1	1	 	0	08-01-2017  10:44:58AM
22143	1	422	          	1	1	 	0	08-01-2017  10:45:04AM
22108	1	415	          	1	1	 	0	08-01-2017  08:57:47AM
22109	1	415	          	1	1	 	0	08-01-2017  08:57:49AM
22110	1	420	          	1	1	 	0	08-01-2017  09:07:03AM
22111	1	421	          	1	1	 	0	08-01-2017  09:22:14AM
22112	1	425	          	1	1	 	0	08-01-2017  09:27:18AM
22113	1	387	          	1	1	 	0	08-01-2017  09:29:37AM
22114	1	416	          	1	1	 	0	08-01-2017  09:31:59AM
22115	1	363	          	1	1	 	0	08-01-2017  09:35:12AM
22116	1	370	          	1	1	 	0	08-01-2017  09:36:36AM
22117	1	419	          	1	1	 	0	08-01-2017  09:50:16AM
22118	1	405	          	1	1	 	0	08-01-2017  09:55:06AM
22119	1	424	          	1	1	 	0	08-01-2017  09:56:26AM
22120	1	384	          	1	1	 	0	08-01-2017  10:03:29AM
22121	1	403	          	1	1	 	0	08-01-2017  10:11:40AM
22122	1	394	          	1	1	 	0	08-01-2017  10:15:57AM
22123	1	393	          	1	3	 	0	08-01-2017  10:15:58AM
22124	1	377	          	1	1	 	0	08-01-2017  10:19:37AM
22125	1	368	          	1	1	 	0	08-01-2017  10:26:30AM
22126	1	368	          	1	1	 	0	08-01-2017  10:26:32AM
22127	1	391	          	1	1	 	0	08-01-2017  10:26:36AM
22128	1	320	          	1	1	 	0	08-01-2017  10:26:39AM
22129	1	313	          	1	1	 	0	08-01-2017  10:33:48AM
22130	1	386	          	1	1	 	0	08-01-2017  10:36:59AM
22131	1	386	          	1	1	 	0	08-01-2017  10:37:00AM
22132	1	397	          	1	1	 	0	08-01-2017  10:37:02AM
22133	1	397	          	1	1	 	0	08-01-2017  10:37:03AM
22134	1	399	          	1	1	 	0	08-01-2017  10:37:33AM
22135	1	399	          	1	1	 	0	08-01-2017  10:37:35AM
22136	1	399	          	1	1	 	0	08-01-2017  10:37:36AM
22137	1	351	          	1	1	 	0	08-01-2017  10:42:13AM
22138	1	351	          	1	1	 	0	08-01-2017  10:42:14AM
22139	1	357	          	1	1	 	0	08-01-2017  10:43:26AM
22140	1	288	          	1	1	 	0	08-01-2017  10:44:27AM
22141	1	406	          	1	1	 	0	08-01-2017  10:44:35AM
22142	1	395	          	1	1	 	0	08-01-2017  10:44:58AM
22143	1	422	          	1	1	 	0	08-01-2017  10:45:04AM
22144	1	423	          	1	1	 	0	08-01-2017  11:39:51AM
22145	1	320	          	1	1	 	0	08-01-2017  01:31:25PM
22146	1	423	          	1	1	 	0	08-01-2017  06:24:14PM
22147	1	417	          	1	1	 	0	08-01-2017  06:37:12PM
22148	1	363	          	1	1	 	0	08-01-2017  06:38:41PM
22149	1	370	          	1	1	 	0	08-01-2017  06:41:52PM
22150	1	425	          	1	1	 	0	08-01-2017  06:44:39PM
22151	1	425	          	1	1	 	0	08-01-2017  06:44:40PM
22152	1	419	          	1	1	 	0	08-01-2017  06:49:24PM
22153	1	416	          	1	1	 	0	08-01-2017  06:53:49PM
22154	1	405	          	1	1	 	0	08-01-2017  06:55:47PM
22155	1	424	          	1	1	 	0	08-01-2017  07:02:11PM
22156	1	424	          	1	1	 	0	08-01-2017  07:02:11PM
22157	1	384	          	1	1	 	0	08-01-2017  07:11:10PM
22158	1	421	          	1	1	 	0	08-01-2017  07:14:02PM
22159	1	377	          	1	1	 	0	08-01-2017  07:24:37PM
22160	1	403	          	1	1	 	0	08-01-2017  07:25:38PM
22161	1	368	          	1	1	 	0	08-01-2017  07:30:33PM
22162	1	386	          	1	1	 	0	08-01-2017  07:31:56PM
22163	1	386	          	1	1	 	0	08-01-2017  07:31:58PM
22164	1	391	          	1	1	 	0	08-01-2017  07:34:15PM
22165	1	393	          	1	3	 	0	08-01-2017  07:34:20PM
22166	1	397	          	1	1	 	0	08-01-2017  07:34:25PM
22167	1	288	          	1	1	 	0	08-01-2017  07:34:56PM
22168	1	313	          	1	1	 	0	08-01-2017  07:34:59PM
22169	1	394	          	1	1	 	0	08-01-2017  07:35:03PM
22170	1	399	          	1	1	 	0	08-01-2017  07:35:05PM
22171	1	399	          	1	1	 	0	08-01-2017  07:35:10PM
22172	1	406	          	1	1	 	0	08-01-2017  07:35:15PM
22173	1	351	          	1	1	 	0	08-01-2017  07:36:35PM
22174	1	351	          	1	1	 	0	08-01-2017  07:36:36PM
22175	1	357	          	1	1	 	0	08-01-2017  07:36:39PM
22176	1	357	          	1	1	 	0	08-01-2017  07:36:40PM
22177	1	395	          	1	1	 	0	08-01-2017  07:36:41PM
22178	1	395	          	1	1	 	0	08-01-2017  07:36:45PM
22179	1	422	          	1	1	 	0	08-01-2017  07:37:02PM
22180	1	422	          	1	1	 	0	08-01-2017  07:37:03PM
22181	1	415	          	1	1	 	0	08-01-2017  07:39:38PM
22182	1	415	          	1	1	 	0	08-01-2017  07:39:39PM
22183	1	420	          	1	1	 	0	08-01-2017  07:39:43PM
22184	1	415	          	1	1	 	0	08-02-2017  09:13:46AM
22185	1	415	          	1	1	 	0	08-02-2017  09:13:49AM
22186	1	420	          	1	1	 	0	08-02-2017  09:13:53AM
22187	1	421	          	1	1	 	0	08-02-2017  09:23:58AM
22188	1	425	          	1	1	 	0	08-02-2017  09:29:08AM
22189	1	425	          	1	1	 	0	08-02-2017  09:29:09AM
22190	1	363	          	1	1	 	0	08-02-2017  09:32:08AM
22191	1	419	          	1	1	 	0	08-02-2017  09:35:31AM
22192	1	419	          	1	1	 	0	08-02-2017  09:35:32AM
22193	1	417	          	1	1	 	0	08-02-2017  09:35:46AM
22194	1	424	          	1	1	 	0	08-02-2017  09:41:28AM
22195	1	387	          	1	1	 	0	08-02-2017  09:46:40AM
22196	1	416	          	1	1	 	0	08-02-2017  09:47:15AM
22197	1	405	          	1	1	 	0	08-02-2017  09:56:30AM
22198	1	393	          	1	3	 	0	08-02-2017  10:09:02AM
22199	1	370	          	1	1	 	0	08-02-2017  10:05:35AM
22200	1	384	          	1	1	 	0	08-02-2017  10:13:25AM
22201	1	403	          	1	1	 	0	08-02-2017  10:16:06AM
22202	1	377	          	1	1	 	0	08-02-2017  10:19:28AM
22203	1	320	          	1	1	 	0	08-02-2017  10:23:52AM
22204	1	391	          	1	1	 	0	08-02-2017  10:26:22AM
22205	1	368	          	1	1	 	0	08-02-2017  10:26:44AM
22206	1	313	          	1	1	 	0	08-02-2017  10:28:17AM
22207	1	386	          	1	1	 	0	08-02-2017  10:30:55AM
22208	1	386	          	1	1	 	0	08-02-2017  10:30:57AM
22209	1	394	          	1	1	 	0	08-02-2017  10:32:38AM
22210	1	399	          	1	1	 	0	08-02-2017  10:32:42AM
22211	1	399	          	1	1	 	0	08-02-2017  10:32:43AM
22212	1	406	          	1	1	 	0	08-02-2017  10:35:30AM
22213	1	397	          	1	1	 	0	08-02-2017  10:37:59AM
22214	1	357	          	1	1	 	0	08-02-2017  10:40:20AM
22215	1	288	          	1	1	 	0	08-02-2017  10:42:05AM
22216	1	376	          	1	1	 	0	08-02-2017  10:46:07AM
22217	1	395	          	1	1	 	0	08-02-2017  10:50:59AM
22218	1	422	          	1	1	 	0	08-02-2017  10:51:06AM
22184	1	415	          	1	1	 	0	08-02-2017  09:13:46AM
22185	1	415	          	1	1	 	0	08-02-2017  09:13:49AM
22186	1	420	          	1	1	 	0	08-02-2017  09:13:53AM
22187	1	421	          	1	1	 	0	08-02-2017  09:23:58AM
22188	1	425	          	1	1	 	0	08-02-2017  09:29:08AM
22189	1	425	          	1	1	 	0	08-02-2017  09:29:09AM
22190	1	363	          	1	1	 	0	08-02-2017  09:32:08AM
22191	1	419	          	1	1	 	0	08-02-2017  09:35:31AM
22192	1	419	          	1	1	 	0	08-02-2017  09:35:32AM
22193	1	417	          	1	1	 	0	08-02-2017  09:35:46AM
22194	1	424	          	1	1	 	0	08-02-2017  09:41:28AM
22195	1	387	          	1	1	 	0	08-02-2017  09:46:40AM
22196	1	416	          	1	1	 	0	08-02-2017  09:47:15AM
22197	1	405	          	1	1	 	0	08-02-2017  09:56:30AM
22198	1	393	          	1	3	 	0	08-02-2017  10:09:02AM
22199	1	370	          	1	1	 	0	08-02-2017  10:10:35AM
22200	1	384	          	1	1	 	0	08-02-2017  10:13:25AM
22201	1	403	          	1	1	 	0	08-02-2017  10:16:06AM
22202	1	377	          	1	1	 	0	08-02-2017  10:19:28AM
22203	1	320	          	1	1	 	0	08-02-2017  10:23:52AM
22204	1	391	          	1	1	 	0	08-02-2017  10:26:22AM
22205	1	368	          	1	1	 	0	08-02-2017  10:26:44AM
22206	1	313	          	1	1	 	0	08-02-2017  10:28:17AM
22207	1	386	          	1	1	 	0	08-02-2017  10:30:55AM
22208	1	386	          	1	1	 	0	08-02-2017  10:30:57AM
22209	1	394	          	1	1	 	0	08-02-2017  10:32:38AM
22210	1	399	          	1	1	 	0	08-02-2017  10:32:42AM
22211	1	399	          	1	1	 	0	08-02-2017  10:32:43AM
22212	1	406	          	1	1	 	0	08-02-2017  10:35:30AM
22213	1	397	          	1	1	 	0	08-02-2017  10:37:59AM
22214	1	357	          	1	1	 	0	08-02-2017  10:40:20AM
22215	1	288	          	1	1	 	0	08-02-2017  10:42:05AM
22216	1	376	          	1	1	 	0	08-02-2017  10:46:07AM
22217	1	395	          	1	1	 	0	08-02-2017  10:50:59AM
22218	1	422	          	1	1	 	0	08-02-2017  10:51:06AM
22219	1	376	          	1	1	 	0	08-02-2017  01:26:51PM
22220	1	417	          	1	1	 	0	08-02-2017  06:30:48PM
22221	1	419	          	1	1	 	0	08-02-2017  06:33:09PM
22222	1	363	          	1	1	 	0	08-02-2017  06:35:24PM
22223	1	405	          	1	1	 	0	08-02-2017  06:37:32PM
22224	1	425	          	1	1	 	0	08-02-2017  06:38:24PM
22225	1	425	          	1	1	 	0	08-02-2017  06:38:25PM
22226	1	416	          	1	1	 	0	08-02-2017  06:40:19PM
22227	1	387	          	1	1	 	0	08-02-2017  06:42:14PM
22228	1	387	          	1	1	 	0	08-02-2017  06:43:18PM
22229	1	424	          	1	1	 	0	08-02-2017  06:47:24PM
22230	1	424	          	1	1	 	0	08-02-2017  06:47:24PM
22231	1	370	          	1	1	 	0	08-02-2017  07:04:25PM
22232	1	421	          	1	1	 	0	08-02-2017  07:13:49PM
22233	1	384	          	1	1	 	0	08-02-2017  07:20:11PM
22234	1	377	          	1	1	 	0	08-02-2017  07:20:26PM
22235	1	403	          	1	1	 	0	08-02-2017  07:31:51PM
22236	1	403	          	1	1	 	0	08-02-2017  07:31:52PM
22237	1	397	          	1	1	 	0	08-02-2017  07:36:31PM
22238	1	397	          	1	1	 	0	08-02-2017  07:36:33PM
22239	1	391	          	1	1	 	0	08-02-2017  07:36:35PM
22240	1	393	          	1	3	 	0	08-02-2017  07:36:38PM
22241	1	320	          	1	1	 	0	08-02-2017  07:38:18PM
22242	1	320	          	1	1	 	0	08-02-2017  07:38:19PM
22243	1	320	          	1	1	 	0	08-02-2017  07:38:20PM
22244	1	320	          	1	1	 	0	08-02-2017  07:38:21PM
22245	1	320	          	1	1	 	0	08-02-2017  07:39:16PM
22246	1	313	          	1	1	 	0	08-02-2017  07:39:18PM
22247	1	288	          	1	1	 	0	08-02-2017  07:39:21PM
22248	1	288	          	1	1	 	0	08-02-2017  07:39:22PM
22249	1	422	          	1	1	 	0	08-02-2017  07:46:57PM
22250	1	395	          	1	1	 	0	08-02-2017  07:46:59PM
22251	1	357	          	1	1	 	0	08-02-2017  07:48:59PM
22252	1	357	          	1	1	 	0	08-02-2017  07:49:00PM
22253	1	357	          	1	1	 	0	08-02-2017  07:49:01PM
22254	1	386	          	1	1	 	0	08-02-2017  07:49:08PM
22255	1	386	          	1	1	 	0	08-02-2017  07:49:09PM
22256	1	394	          	1	1	 	0	08-02-2017  07:49:15PM
22257	1	368	          	1	1	 	0	08-02-2017  07:49:47PM
22258	1	406	          	1	1	 	0	08-02-2017  07:49:57PM
22259	1	406	          	1	1	 	0	08-02-2017  07:49:58PM
22260	1	399	          	1	1	 	0	08-02-2017  07:50:02PM
22261	1	399	          	1	1	 	0	08-02-2017  07:50:07PM
22262	1	399	          	1	1	 	0	08-02-2017  07:50:08PM
22263	1	415	          	1	1	 	0	08-02-2017  07:50:12PM
22264	1	415	          	1	1	 	0	08-02-2017  07:50:14PM
22265	1	420	          	1	1	 	0	08-02-2017  07:50:17PM
22266	1	420	          	1	1	 	0	08-03-2017  09:06:10AM
22267	1	415	          	1	1	 	0	08-03-2017  09:06:17AM
22268	1	415	          	1	1	 	0	08-03-2017  09:06:18AM
22269	1	417	          	1	1	 	0	08-03-2017  09:30:47AM
22270	1	363	          	1	1	 	0	08-03-2017  09:32:44AM
22271	1	425	          	1	1	 	0	08-03-2017  09:33:36AM
22272	1	425	          	1	1	 	0	08-03-2017  09:33:37AM
22273	1	416	          	1	1	 	0	08-03-2017  09:37:29AM
22274	1	387	          	1	1	 	0	08-03-2017  09:43:35AM
22275	1	421	          	1	1	 	0	08-03-2017  09:44:22AM
22276	1	424	          	1	1	 	0	08-03-2017  09:45:17AM
22277	1	424	          	1	1	 	0	08-03-2017  09:45:18AM
22278	1	419	          	1	1	 	0	08-03-2017  09:50:16AM
22279	1	405	          	1	1	 	0	08-03-2017  09:52:58AM
22280	1	393	          	1	3	 	0	08-03-2017  09:55:28AM
22281	1	384	          	1	1	 	0	08-03-2017  10:04:32AM
22282	1	403	          	1	1	 	0	08-03-2017  10:12:21AM
22283	1	394	          	1	1	 	0	08-03-2017  10:23:22AM
22284	1	399	          	1	1	 	0	08-03-2017  10:23:28AM
22285	1	399	          	1	1	 	0	08-03-2017  10:23:29AM
22286	1	368	          	1	1	 	0	08-03-2017  10:26:56AM
22287	1	395	          	1	1	 	0	08-03-2017  10:27:29AM
22288	1	422	          	1	1	 	0	08-03-2017  10:27:37AM
22289	1	377	          	1	1	 	0	08-03-2017  10:30:25AM
22290	1	288	          	1	1	 	0	08-03-2017  10:36:19AM
22291	1	351	          	1	1	 	0	08-03-2017  10:36:54AM
22292	1	351	          	1	1	 	0	08-03-2017  10:36:55AM
22293	1	320	          	1	1	 	0	08-03-2017  10:37:09AM
22294	1	406	          	1	1	 	0	08-03-2017  10:38:56AM
22295	1	370	          	1	1	 	0	08-03-2017  10:35:56AM
22296	1	391	          	1	1	 	0	08-03-2017  10:40:13AM
22297	1	397	          	1	1	 	0	08-03-2017  10:43:10AM
22298	1	357	          	1	1	 	0	08-03-2017  10:54:56AM
22266	1	420	          	1	1	 	0	08-03-2017  09:06:10AM
22267	1	415	          	1	1	 	0	08-03-2017  09:06:17AM
22268	1	415	          	1	1	 	0	08-03-2017  09:06:18AM
22269	1	417	          	1	1	 	0	08-03-2017  09:30:47AM
22270	1	363	          	1	1	 	0	08-03-2017  09:32:44AM
22271	1	425	          	1	1	 	0	08-03-2017  09:33:36AM
22272	1	425	          	1	1	 	0	08-03-2017  09:33:37AM
22273	1	416	          	1	1	 	0	08-03-2017  09:37:29AM
22274	1	387	          	1	1	 	0	08-03-2017  09:43:35AM
22275	1	421	          	1	1	 	0	08-03-2017  09:44:22AM
22276	1	424	          	1	1	 	0	08-03-2017  09:45:17AM
22277	1	424	          	1	1	 	0	08-03-2017  09:45:18AM
22278	1	419	          	1	1	 	0	08-03-2017  09:50:16AM
22279	1	405	          	1	1	 	0	08-03-2017  09:52:58AM
22280	1	393	          	1	3	 	0	08-03-2017  09:55:28AM
22281	1	384	          	1	1	 	0	08-03-2017  10:04:32AM
22282	1	403	          	1	1	 	0	08-03-2017  10:12:21AM
22283	1	394	          	1	1	 	0	08-03-2017  10:23:22AM
22284	1	399	          	1	1	 	0	08-03-2017  10:23:28AM
22285	1	399	          	1	1	 	0	08-03-2017  10:23:29AM
22286	1	368	          	1	1	 	0	08-03-2017  10:26:56AM
22287	1	395	          	1	1	 	0	08-03-2017  10:27:29AM
22288	1	422	          	1	1	 	0	08-03-2017  10:27:37AM
22289	1	377	          	1	1	 	0	08-03-2017  10:30:25AM
22290	1	288	          	1	1	 	0	08-03-2017  10:36:19AM
22291	1	351	          	1	1	 	0	08-03-2017  10:36:54AM
22292	1	351	          	1	1	 	0	08-03-2017  10:36:55AM
22293	1	320	          	1	1	 	0	08-03-2017  10:37:09AM
22294	1	406	          	1	1	 	0	08-03-2017  10:38:56AM
22295	1	370	          	1	1	 	0	08-03-2017  10:39:56AM
22296	1	391	          	1	1	 	0	08-03-2017  10:40:13AM
22297	1	397	          	1	1	 	0	08-03-2017  10:43:10AM
22298	1	357	          	1	1	 	0	08-03-2017  10:54:56AM
22299	1	405	          	1	1	 	0	08-03-2017  01:20:58PM
22300	1	417	          	1	1	 	0	08-03-2017  06:36:10PM
22301	1	416	          	1	1	 	0	08-03-2017  06:42:23PM
22302	1	370	          	1	1	 	0	08-03-2017  06:47:02PM
22303	1	425	          	1	1	 	0	08-03-2017  06:48:42PM
22304	1	363	          	1	1	 	0	08-03-2017  06:49:44PM
22305	1	387	          	1	1	 	0	08-03-2017  06:50:06PM
22306	1	419	          	1	1	 	0	08-03-2017  06:50:16PM
22307	1	424	          	1	1	 	0	08-03-2017  06:50:41PM
22308	1	384	          	1	1	 	0	08-03-2017  07:04:38PM
22309	1	403	          	1	1	 	0	08-03-2017  07:12:01PM
22310	1	403	          	1	1	 	0	08-03-2017  07:12:02PM
22311	1	421	          	1	1	 	0	08-03-2017  07:16:39PM
22312	1	394	          	1	1	 	0	08-03-2017  07:18:05PM
22313	1	399	          	1	1	 	0	08-03-2017  07:19:39PM
22314	1	399	          	1	1	 	0	08-03-2017  07:19:40PM
22315	1	406	          	1	1	 	0	08-03-2017  07:19:45PM
22316	1	377	          	1	1	 	0	08-03-2017  07:33:30PM
22317	1	351	          	1	1	 	0	08-03-2017  07:34:24PM
22318	1	351	          	1	1	 	0	08-03-2017  07:34:25PM
22319	1	391	          	1	1	 	0	08-03-2017  07:35:10PM
22320	1	393	          	1	3	 	0	08-03-2017  07:35:12PM
22321	1	397	          	1	1	 	0	08-03-2017  07:35:16PM
22322	1	320	          	1	1	 	0	08-03-2017  07:40:20PM
22323	1	320	          	1	1	 	0	08-03-2017  07:40:21PM
22324	1	320	          	1	1	 	0	08-03-2017  07:40:22PM
22325	1	320	          	1	1	 	0	08-03-2017  07:40:23PM
22326	1	320	          	1	1	 	0	08-03-2017  07:40:24PM
22327	1	320	          	1	1	 	0	08-03-2017  07:40:25PM
22328	1	320	          	1	1	 	0	08-03-2017  07:40:32PM
22329	1	313	          	1	1	 	0	08-03-2017  07:40:39PM
22330	1	313	          	1	1	 	0	08-03-2017  07:40:42PM
22331	1	288	          	1	1	 	0	08-03-2017  07:40:46PM
22332	1	288	          	1	1	 	0	08-03-2017  07:40:48PM
22333	1	395	          	1	1	 	0	08-03-2017  07:43:45PM
22334	1	422	          	1	1	 	0	08-03-2017  07:43:59PM
22335	1	386	          	1	1	 	0	08-03-2017  07:57:00PM
22336	1	386	          	1	1	 	0	08-03-2017  07:57:01PM
22337	1	357	          	1	1	 	0	08-03-2017  07:57:05PM
22338	1	368	          	1	1	 	0	08-03-2017  07:57:08PM
22339	1	415	          	1	1	 	0	08-03-2017  07:57:14PM
22340	1	415	          	1	1	 	0	08-03-2017  07:57:16PM
22341	1	420	          	1	1	 	0	08-03-2017  07:57:25PM
22342	1	415	          	1	1	 	0	08-04-2017  09:07:10AM
22343	1	415	          	1	1	 	0	08-04-2017  09:07:12AM
22344	1	420	          	1	1	 	0	08-04-2017  09:16:28AM
22345	1	387	          	1	1	 	0	08-04-2017  09:28:14AM
22346	1	425	          	1	1	 	0	08-04-2017  09:29:59AM
22347	1	425	          	1	1	 	0	08-04-2017  09:29:59AM
22348	1	421	          	1	1	 	0	08-04-2017  09:30:49AM
22349	1	417	          	1	1	 	0	08-04-2017  09:31:14AM
22350	1	424	          	1	1	 	0	08-04-2017  09:41:42AM
22351	1	419	          	1	1	 	0	08-04-2017  09:48:06AM
22352	1	363	          	1	1	 	0	08-04-2017  09:51:27AM
22353	1	416	          	1	1	 	0	08-04-2017  09:53:37AM
22354	1	405	          	1	1	 	0	08-04-2017  09:56:41AM
22355	1	370	          	1	1	 	0	08-04-2017  10:04:02AM	
22356	1	393	          	1	3	 	0	08-04-2017  10:06:38AM
22357	1	384	          	1	1	 	0	08-04-2017  10:09:08AM
22358	1	320	          	1	1	 	0	08-04-2017  10:19:49AM
22359	1	377	          	1	1	 	0	08-04-2017  10:20:18AM
22360	1	403	          	1	1	 	0	08-04-2017  10:23:44AM
22361	1	391	          	1	1	 	0	08-04-2017  10:25:15AM
22362	1	368	          	1	1	 	0	08-04-2017  10:25:50AM
22363	1	395	          	1	1	 	0	08-04-2017  10:27:13AM
22364	1	422	          	1	1	 	0	08-04-2017  10:27:18AM
22365	1	422	          	1	1	 	0	08-04-2017  10:27:19AM
22366	1	313	          	1	1	 	0	08-04-2017  10:30:06AM
22367	1	386	          	1	1	 	0	08-04-2017  10:30:43AM
22368	1	386	          	1	1	 	0	08-04-2017  10:30:45AM
22369	1	351	          	1	1	 	0	08-04-2017  10:34:17AM
22370	1	351	          	1	1	 	0	08-04-2017  10:34:18AM
22371	1	394	          	1	1	 	0	08-04-2017  10:35:22AM
22372	1	399	          	1	1	 	0	08-04-2017  10:35:24AM
22373	1	399	          	1	1	 	0	08-04-2017  10:35:25AM
22374	1	406	          	1	1	 	0	08-04-2017  10:35:27AM
22375	1	397	          	1	1	 	0	08-04-2017  10:41:20AM
22376	1	397	          	1	1	 	0	08-04-2017  10:41:21AM
22377	1	376	          	1	1	 	0	08-04-2017  10:43:18AM
22378	1	357	          	1	1	 	0	08-04-2017  10:55:04AM
22379	1	357	          	1	1	 	0	08-04-2017  10:55:07AM
22380	1	288	          	1	1	 	0	08-04-2017  10:58:45AM
22381	1	423	          	1	1	 	0	08-04-2017  11:37:21AM
22342	1	415	          	1	1	 	0	08-04-2017  09:07:10AM
22343	1	415	          	1	1	 	0	08-04-2017  09:07:12AM
22344	1	420	          	1	1	 	0	08-04-2017  09:16:28AM
22345	1	387	          	1	1	 	0	08-04-2017  09:28:14AM
22346	1	425	          	1	1	 	0	08-04-2017  09:29:59AM
22347	1	425	          	1	1	 	0	08-04-2017  09:29:59AM
22348	1	421	          	1	1	 	0	08-04-2017  09:30:49AM
22349	1	417	          	1	1	 	0	08-04-2017  09:31:14AM
22350	1	424	          	1	1	 	0	08-04-2017  09:41:42AM
22351	1	419	          	1	1	 	0	08-04-2017  09:48:06AM
22352	1	363	          	1	1	 	0	08-04-2017  09:51:27AM
22353	1	416	          	1	1	 	0	08-04-2017  09:53:37AM
22354	1	405	          	1	1	 	0	08-04-2017  09:56:41AM
22355	1	393	          	1	3	 	0	08-04-2017  10:06:38AM
22356	1	384	          	1	1	 	0	08-04-2017  10:09:08AM
22357	1	370	          	1	1	 	0	08-04-2017  10:14:02AM
22358	1	320	          	1	1	 	0	08-04-2017  10:19:49AM
22359	1	377	          	1	1	 	0	08-04-2017  10:20:18AM
22360	1	403	          	1	1	 	0	08-04-2017  10:23:44AM
22361	1	391	          	1	1	 	0	08-04-2017  10:25:15AM
22362	1	368	          	1	1	 	0	08-04-2017  10:25:50AM
22363	1	395	          	1	1	 	0	08-04-2017  10:27:13AM
22364	1	422	          	1	1	 	0	08-04-2017  10:27:18AM
22365	1	422	          	1	1	 	0	08-04-2017  10:27:19AM
22366	1	313	          	1	1	 	0	08-04-2017  10:30:06AM
22367	1	386	          	1	1	 	0	08-04-2017  10:30:43AM
22368	1	386	          	1	1	 	0	08-04-2017  10:30:45AM
22369	1	351	          	1	1	 	0	08-04-2017  10:34:17AM
22370	1	351	          	1	1	 	0	08-04-2017  10:34:18AM
22371	1	394	          	1	1	 	0	08-04-2017  10:35:22AM
22372	1	399	          	1	1	 	0	08-04-2017  10:35:24AM
22373	1	399	          	1	1	 	0	08-04-2017  10:35:25AM
22374	1	406	          	1	1	 	0	08-04-2017  10:35:27AM
22375	1	397	          	1	1	 	0	08-04-2017  10:41:20AM
22376	1	397	          	1	1	 	0	08-04-2017  10:41:21AM
22377	1	376	          	1	1	 	0	08-04-2017  10:43:18AM
22378	1	357	          	1	1	 	0	08-04-2017  10:55:04AM
22379	1	357	          	1	1	 	0	08-04-2017  10:55:07AM
22380	1	288	          	1	1	 	0	08-04-2017  10:58:45AM
22381	1	423	          	1	1	 	0	08-04-2017  11:37:21AM
22382	1	423	          	1	1	 	0	08-04-2017  05:17:20PM
22383	1	425	          	1	1	 	0	08-04-2017  06:33:14PM
22384	1	425	          	1	1	 	0	08-04-2017  06:33:15PM
22385	1	417	          	1	1	 	0	08-04-2017  06:37:45PM
22386	1	387	          	1	1	 	0	08-04-2017  06:42:15PM
22387	1	424	          	1	1	 	0	08-04-2017  06:43:24PM
22388	1	419	          	1	1	 	0	08-04-2017  06:46:38PM
22389	1	416	          	1	1	 	0	08-04-2017  06:48:43PM
22390	1	421	          	1	1	 	0	08-04-2017  06:51:51PM
22391	1	363	          	1	1	 	0	08-04-2017  06:55:51PM
22392	1	384	          	1	1	 	0	08-04-2017  07:04:02PM
22393	1	370	          	1	1	 	0	08-04-2017  07:06:41PM
22394	1	405	          	1	1	 	0	08-04-2017  07:10:33PM
22395	1	403	          	1	1	 	0	08-04-2017  07:26:11PM
22396	1	403	          	1	1	 	0	08-04-2017  07:26:11PM
22397	1	395	          	1	1	 	0	08-04-2017  07:32:00PM
22398	1	422	          	1	1	 	0	08-04-2017  07:32:10PM
22399	1	368	          	1	1	 	0	08-04-2017  07:32:27PM
22400	1	386	          	1	1	 	0	08-04-2017  07:32:38PM
22401	1	386	          	1	1	 	0	08-04-2017  07:32:39PM
22402	1	313	          	1	1	 	0	08-04-2017  07:32:51PM
22403	1	288	          	1	1	 	0	08-04-2017  07:33:15PM
22404	1	386	          	1	1	 	0	08-04-2017  07:33:24PM
22405	1	386	          	1	1	 	0	08-04-2017  07:33:26PM
22406	1	320	          	1	1	 	0	08-04-2017  07:33:43PM
22407	1	377	          	1	1	 	0	08-04-2017  07:34:05PM
22408	1	397	          	1	1	 	0	08-04-2017  07:35:04PM
22409	1	397	          	1	1	 	0	08-04-2017  07:35:04PM
22410	1	397	          	1	1	 	0	08-04-2017  07:35:05PM
22411	1	397	          	1	1	 	0	08-04-2017  07:35:06PM
22412	1	394	          	1	1	 	0	08-04-2017  07:35:10PM
22413	1	376	          	1	1	 	0	08-04-2017  07:35:15PM
22414	1	399	          	1	1	 	0	08-04-2017  07:35:19PM
22415	1	399	          	1	1	 	0	08-04-2017  07:35:21PM
22416	1	393	          	1	3	 	0	08-04-2017  07:35:22PM
22417	1	406	          	1	1	 	0	08-04-2017  07:35:28PM
22418	1	391	          	1	1	 	0	08-04-2017  07:35:34PM
22419	1	420	          	1	1	 	0	08-04-2017  07:37:43PM
22420	1	351	          	1	1	 	0	08-04-2017  07:37:59PM
22421	1	351	          	1	1	 	0	08-04-2017  07:38:00PM
22422	1	357	          	1	1	 	0	08-04-2017  07:38:02PM
22423	1	415	          	1	1	 	0	08-04-2017  07:38:07PM
22424	1	415	          	1	1	 	0	08-04-2017  07:38:08PM
22425	1	415	          	1	1	 	0	08-05-2017  09:06:06AM
22426	1	415	          	1	1	 	0	08-05-2017  09:06:08AM
22427	1	387	          	1	1	 	0	08-05-2017  09:11:27AM
22428	1	387	          	1	1	 	0	08-05-2017  09:11:30AM
22429	1	387	          	1	1	 	0	08-05-2017  09:11:34AM
22430	1	420	          	1	1	 	0	08-05-2017  09:13:13AM
22431	1	421	          	1	1	 	0	08-05-2017  09:16:14AM
22432	1	416	          	1	1	 	0	08-05-2017  09:22:12AM
22433	1	363	          	1	1	 	0	08-05-2017  09:22:16AM
22434	1	363	          	1	1	 	0	08-05-2017  09:22:17AM
22435	1	417	          	1	1	 	0	08-05-2017  09:34:32AM
22436	1	425	          	1	1	 	0	08-05-2017  09:40:06AM
22437	1	419	          	1	1	 	0	08-05-2017  09:42:57AM
22438	1	384	          	1	1	 	0	08-05-2017  09:50:09AM
22439	1	405	          	1	1	 	0	08-05-2017  09:54:49AM
22440	1	424	          	1	1	 	0	08-05-2017  09:58:39AM
22441	1	393	          	1	3	 	0	08-05-2017  09:58:41AM
22442	1	370	          	1	1	 	0	08-05-2017  09:58:42AM
22443	1	403	          	1	1	 	0	08-05-2017  10:09:48AM
22444	1	403	          	1	1	 	0	08-05-2017  10:09:49AM
22445	1	391	          	1	1	 	0	08-05-2017  10:27:47AM
22446	1	351	          	1	1	 	0	08-05-2017  10:31:06AM
22447	1	351	          	1	1	 	0	08-05-2017  10:31:07AM
22448	1	386	          	1	1	 	0	08-05-2017  10:32:24AM
22449	1	386	          	1	1	 	0	08-05-2017  10:32:26AM
22450	1	320	          	1	1	 	0	08-05-2017  10:32:39AM
22451	1	377	          	1	1	 	0	08-05-2017  10:33:30AM
22452	1	406	          	1	1	 	0	08-05-2017  10:36:18AM
22453	1	394	          	1	1	 	0	08-05-2017  10:36:21AM
22454	1	394	          	1	1	 	0	08-05-2017  10:36:23AM
22455	1	399	          	1	1	 	0	08-05-2017  10:36:27AM
22456	1	399	          	1	1	 	0	08-05-2017  10:36:28AM
22457	1	399	          	1	1	 	0	08-05-2017  10:36:29AM
22458	1	357	          	1	1	 	0	08-05-2017  10:37:58AM
22459	1	368	          	1	1	 	0	08-05-2017  10:38:29AM
22460	1	397	          	1	1	 	0	08-05-2017  10:42:07AM
22461	1	288	          	1	1	 	0	08-05-2017  10:42:22AM
22462	1	313	          	1	1	 	0	08-05-2017  10:44:01AM
22463	1	395	          	1	1	 	0	08-05-2017  10:46:13AM
22464	1	422	          	1	1	 	0	08-05-2017  10:46:18AM
22465	1	376	          	1	1	 	0	08-05-2017  10:57:05AM
22425	1	415	          	1	1	 	0	08-05-2017  09:06:06AM
22426	1	415	          	1	1	 	0	08-05-2017  09:06:08AM
22427	1	387	          	1	1	 	0	08-05-2017  09:11:27AM
22428	1	387	          	1	1	 	0	08-05-2017  09:11:30AM
22429	1	387	          	1	1	 	0	08-05-2017  09:11:34AM
22430	1	420	          	1	1	 	0	08-05-2017  09:13:13AM
22431	1	421	          	1	1	 	0	08-05-2017  09:16:14AM
22432	1	416	          	1	1	 	0	08-05-2017  09:22:12AM
22433	1	363	          	1	1	 	0	08-05-2017  09:22:16AM
22434	1	363	          	1	1	 	0	08-05-2017  09:22:17AM
22435	1	417	          	1	1	 	0	08-05-2017  09:34:32AM
22436	1	425	          	1	1	 	0	08-05-2017  09:40:06AM
22437	1	419	          	1	1	 	0	08-05-2017  09:42:57AM
22438	1	384	          	1	1	 	0	08-05-2017  09:50:09AM
22439	1	405	          	1	1	 	0	08-05-2017  09:54:49AM
22440	1	424	          	1	1	 	0	08-05-2017  09:58:39AM
22441	1	393	          	1	3	 	0	08-05-2017  09:58:41AM
22442	1	370	          	1	1	 	0	08-05-2017  10:03:19AM
22443	1	403	          	1	1	 	0	08-05-2017  10:09:48AM
22444	1	403	          	1	1	 	0	08-05-2017  10:09:49AM
22445	1	391	          	1	1	 	0	08-05-2017  10:27:47AM
22446	1	351	          	1	1	 	0	08-05-2017  10:31:06AM
22447	1	351	          	1	1	 	0	08-05-2017  10:31:07AM
22448	1	386	          	1	1	 	0	08-05-2017  10:32:24AM
22449	1	386	          	1	1	 	0	08-05-2017  10:32:26AM
22450	1	320	          	1	1	 	0	08-05-2017  10:32:39AM
22451	1	377	          	1	1	 	0	08-05-2017  10:33:30AM
22452	1	406	          	1	1	 	0	08-05-2017  10:36:18AM
22453	1	394	          	1	1	 	0	08-05-2017  10:36:21AM
22454	1	394	          	1	1	 	0	08-05-2017  10:36:23AM
22455	1	399	          	1	1	 	0	08-05-2017  10:36:27AM
22456	1	399	          	1	1	 	0	08-05-2017  10:36:28AM
22457	1	399	          	1	1	 	0	08-05-2017  10:36:29AM
22458	1	357	          	1	1	 	0	08-05-2017  10:37:58AM
22459	1	368	          	1	1	 	0	08-05-2017  10:38:29AM
22460	1	397	          	1	1	 	0	08-05-2017  10:42:07AM
22461	1	288	          	1	1	 	0	08-05-2017  10:42:22AM
22462	1	313	          	1	1	 	0	08-05-2017  10:44:01AM
22463	1	395	          	1	1	 	0	08-05-2017  10:46:13AM
22464	1	422	          	1	1	 	0	08-05-2017  10:46:18AM
22465	1	376	          	1	1	 	0	08-05-2017  10:57:05AM
22466	1	351	          	1	1	 	0	08-05-2017  02:23:58PM
22467	1	351	          	1	1	 	0	08-05-2017  02:23:59PM
22468	1	386	          	1	1	 	0	08-05-2017  04:04:24PM
22469	1	386	          	1	1	 	0	08-05-2017  04:04:25PM
22470	1	288	          	1	1	 	0	08-05-2017  05:17:49PM
22471	1	288	          	1	1	 	0	08-05-2017  05:21:40PM
22472	1	368	          	1	1	 	0	08-05-2017  05:33:45PM
22473	1	425	          	1	1	 	0	08-05-2017  05:46:04PM
22474	1	425	          	1	1	 	0	08-05-2017  05:46:04PM
22475	1	403	          	1	1	 	0	08-05-2017  05:59:37PM
22476	1	387	          	1	1	 	0	08-05-2017  06:04:58PM
22477	1	363	          	1	1	 	0	08-05-2017  06:22:13PM
22478	1	416	          	1	1	 	0	08-05-2017  06:26:22PM
22479	1	417	          	1	1	 	0	08-05-2017  06:30:52PM
22480	1	417	          	1	1	 	0	08-05-2017  06:30:53PM
22481	1	384	          	1	1	 	0	08-05-2017  06:31:09PM
22482	1	313	          	1	1	 	0	08-05-2017  06:32:09PM
22483	1	424	          	1	1	 	0	08-05-2017  06:42:32PM
22484	1	357	          	1	1	 	0	08-05-2017  06:44:05PM
22485	1	421	          	1	1	 	0	08-05-2017  06:44:26PM
22486	1	370	          	1	1	 	0	08-05-2017  06:46:23PM
22487	1	419	          	1	1	 	0	08-05-2017  06:51:22PM
22488	1	405	          	1	1	 	0	08-05-2017  07:12:21PM
22489	1	394	          	1	1	 	0	08-05-2017  07:32:45PM
22490	1	394	          	1	1	 	0	08-05-2017  07:32:46PM
22491	1	399	          	1	1	 	0	08-05-2017  07:32:49PM
22492	1	399	          	1	1	 	0	08-05-2017  07:32:50PM
22493	1	406	          	1	1	 	0	08-05-2017  07:32:53PM
22494	1	320	          	1	1	 	0	08-05-2017  07:35:23PM
22495	1	376	          	1	1	 	0	08-05-2017  07:38:37PM
22496	1	376	          	1	1	 	0	08-05-2017  07:38:44PM
22497	1	377	          	1	1	 	0	08-05-2017  07:38:48PM
22498	1	397	          	1	1	 	0	08-05-2017  07:38:52PM
22499	1	397	          	1	1	 	0	08-05-2017  07:38:53PM
22500	1	391	          	1	1	 	0	08-05-2017  07:41:56PM
22501	1	395	          	1	1	 	0	08-05-2017  07:42:40PM
22502	1	393	          	1	3	 	0	08-05-2017  07:43:03PM
22503	1	422	          	1	1	 	0	08-05-2017  07:43:12PM
22504	1	420	          	1	1	 	0	08-05-2017  07:49:39PM
22505	1	415	          	1	1	 	0	08-05-2017  07:49:53PM
22506	1	415	          	1	1	 	0	08-05-2017  07:50:00PM
22507	1	415	          	1	1	 	0	08-05-2017  07:50:01PM
22508	1	415	          	1	1	 	0	08-08-2017  09:01:19AM
22509	1	415	          	1	1	 	0	08-08-2017  09:01:21AM
22510	1	363	          	1	1	 	0	08-08-2017  09:33:30AM
22511	1	387	          	1	1	 	0	08-08-2017  09:36:16AM
22512	1	387	          	1	1	 	0	08-08-2017  09:37:40AM
22513	1	376	          	1	1	 	0	08-08-2017  09:38:21AM
22514	1	424	          	1	1	 	0	08-08-2017  09:40:53AM
22515	1	370	          	1	1	 	0	08-08-2017  09:40:59AM
22516	1	393	          	1	3	 	0	08-08-2017  09:50:04AM
22517	1	405	          	1	1	 	0	08-08-2017  09:46:39AM	
22518	1	425	          	1	1	 	0	08-08-2017  09:51:24AM
22519	1	425	          	1	1	 	0	08-08-2017  09:51:25AM
22520	1	416	          	1	1	 	0	08-08-2017  09:51:32AM
22521	1	421	          	1	1	 	0	08-08-2017  09:56:36AM
22522	1	403	          	1	1	 	0	08-08-2017  10:02:59AM
22523	1	403	          	1	1	 	0	08-08-2017  10:03:00AM
22524	1	377	          	1	1	 	0	08-08-2017  10:08:15AM
22525	1	368	          	1	1	 	0	08-08-2017  10:20:26AM
22526	1	384	          	1	1	 	0	08-08-2017  10:21:56AM
22527	1	395	          	1	1	 	0	08-08-2017  10:24:53AM
22528	1	422	          	1	1	 	0	08-08-2017  10:25:48AM
22529	1	351	          	1	1	 	0	08-08-2017  10:27:05AM
22530	1	391	          	1	1	 	0	08-08-2017  10:28:07AM
22531	1	394	          	1	1	 	0	08-08-2017  10:32:57AM
22532	1	397	          	1	1	 	0	08-08-2017  10:34:27AM
22533	1	320	          	1	1	 	0	08-08-2017  10:34:33AM
22534	1	399	          	1	1	 	0	08-08-2017  10:37:50AM
22535	1	399	          	1	1	 	0	08-08-2017  10:37:52AM
22536	1	313	          	1	1	 	0	08-08-2017  10:38:32AM
22537	1	406	          	1	1	 	0	08-08-2017  11:17:58AM
22508	1	415	          	1	1	 	0	08-08-2017  09:01:19AM
22509	1	415	          	1	1	 	0	08-08-2017  09:01:21AM
22510	1	363	          	1	1	 	0	08-08-2017  09:33:30AM
22511	1	387	          	1	1	 	0	08-08-2017  09:36:16AM
22512	1	387	          	1	1	 	0	08-08-2017  09:37:40AM
22513	1	376	          	1	1	 	0	08-08-2017  09:38:21AM
22514	1	424	          	1	1	 	0	08-08-2017  09:40:53AM
22515	1	405	          	1	1	 	0	08-08-2017  09:46:39AM
22516	1	370	          	1	1	 	0	08-08-2017  09:47:59AM
22517	1	393	          	1	3	 	0	08-08-2017  09:50:04AM
22518	1	425	          	1	1	 	0	08-08-2017  09:51:24AM
22519	1	425	          	1	1	 	0	08-08-2017  09:51:25AM
22520	1	416	          	1	1	 	0	08-08-2017  09:51:32AM
22521	1	421	          	1	1	 	0	08-08-2017  09:56:36AM
22522	1	403	          	1	1	 	0	08-08-2017  10:02:59AM
22523	1	403	          	1	1	 	0	08-08-2017  10:03:00AM
22524	1	377	          	1	1	 	0	08-08-2017  10:08:15AM
22525	1	368	          	1	1	 	0	08-08-2017  10:20:26AM
22526	1	384	          	1	1	 	0	08-08-2017  10:21:56AM
22527	1	395	          	1	1	 	0	08-08-2017  10:24:53AM
22528	1	422	          	1	1	 	0	08-08-2017  10:25:48AM
22529	1	351	          	1	1	 	0	08-08-2017  10:27:05AM
22530	1	391	          	1	1	 	0	08-08-2017  10:28:07AM
22531	1	394	          	1	1	 	0	08-08-2017  10:32:57AM
22532	1	397	          	1	1	 	0	08-08-2017  10:34:27AM
22533	1	320	          	1	1	 	0	08-08-2017  10:34:33AM
22534	1	399	          	1	1	 	0	08-08-2017  10:37:50AM
22535	1	399	          	1	1	 	0	08-08-2017  10:37:52AM
22536	1	313	          	1	1	 	0	08-08-2017  10:38:32AM
22537	1	406	          	1	1	 	0	08-08-2017  11:17:58AM
22538	1	423	          	1	1	 	0	08-08-2017  11:31:04AM
22539	1	423	          	1	1	 	0	08-08-2017  04:37:55PM
22540	1	387	          	1	1	 	0	08-08-2017  06:33:42PM
22541	1	376	          	1	1	 	0	08-08-2017  06:42:55PM
22542	1	425	          	1	1	 	0	08-08-2017  06:54:25PM
22543	1	425	          	1	1	 	0	08-08-2017  06:54:26PM
22544	1	416	          	1	1	 	0	08-08-2017  06:54:36PM
22545	1	421	          	1	1	 	0	08-08-2017  06:55:14PM
22546	1	403	          	1	1	 	0	08-08-2017  06:59:20PM
22547	1	403	          	1	1	 	0	08-08-2017  06:59:21PM
22548	1	405	          	1	1	 	0	08-08-2017  07:00:41PM
22549	1	403	          	1	1	 	0	08-08-2017  07:00:46PM
22550	1	370	          	1	1	 	0	08-08-2017  07:02:19PM
22551	1	363	          	1	1	 	0	08-08-2017  07:03:11PM
22552	1	363	          	1	1	 	0	08-08-2017  07:03:12PM
22553	1	377	          	1	1	 	0	08-08-2017  07:11:05PM
22554	1	395	          	1	1	 	0	08-08-2017  07:27:04PM
22555	1	422	          	1	1	 	0	08-08-2017  07:27:21PM
22556	1	313	          	1	1	 	0	08-08-2017  07:35:33PM
22557	1	384	          	1	1	 	0	08-08-2017  07:36:23PM
22558	1	351	          	1	1	 	0	08-08-2017  07:43:54PM
22559	1	351	          	1	1	 	0	08-08-2017  07:43:56PM
22560	1	368	          	1	1	 	0	08-08-2017  07:44:00PM
22561	1	397	          	1	1	 	0	08-08-2017  07:46:29PM
22562	1	406	          	1	1	 	0	08-08-2017  07:46:32PM
22563	1	399	          	1	1	 	0	08-08-2017  07:46:36PM
22564	1	399	          	1	1	 	0	08-08-2017  07:46:37PM
22565	1	394	          	1	1	 	0	08-08-2017  07:46:39PM
22566	1	394	          	1	1	 	0	08-08-2017  07:46:40PM
22567	1	320	          	1	1	 	0	08-08-2017  08:03:01PM
22568	1	393	          	1	3	 	0	08-08-2017  08:03:10PM
22569	1	415	          	1	1	 	0	08-08-2017  08:03:15PM
22570	1	415	          	1	1	 	0	08-08-2017  08:03:17PM
22571	1	415	          	1	1	 	0	08-08-2017  08:03:17PM
22572	1	415	          	1	1	 	0	08-09-2017  08:53:19AM
22573	1	415	          	1	1	 	0	08-09-2017  08:53:21AM
22574	1	425	          	1	1	 	0	08-09-2017  09:20:37AM
22575	1	425	          	1	1	 	0	08-09-2017  09:20:37AM
22576	1	421	          	1	1	 	0	08-09-2017  09:21:00AM
22577	1	370	          	1	1	 	0	08-09-2017  09:24:48AM
22578	1	363	          	1	1	 	0	08-09-2017  09:26:07AM
22579	1	387	          	1	1	 	0	08-09-2017  09:28:36AM
22580	1	416	          	1	1	 	0	08-09-2017  09:40:32AM
22581	1	417	          	1	1	 	0	08-09-2017  09:44:19AM
22582	1	420	          	1	1	 	0	08-09-2017  09:52:13AM
22583	1	405	          	1	1	 	0	08-09-2017  09:59:52AM
22584	1	424	          	1	1	 	0	08-09-2017  10:02:44AM
22585	1	403	          	1	1	 	0	08-09-2017  10:08:29AM
22586	1	393	          	1	3	 	0	08-09-2017  10:09:08AM
22587	1	391	          	1	1	 	0	08-09-2017  10:13:34AM
22588	1	384	          	1	1	 	0	08-09-2017  10:15:33AM
22589	1	377	          	1	1	 	0	08-09-2017  10:19:26AM
22590	1	406	          	1	1	 	0	08-09-2017  10:24:19AM
22591	1	368	          	1	1	 	0	08-09-2017  10:27:22AM
22592	1	313	          	1	1	 	0	08-09-2017  10:27:41AM
22593	1	320	          	1	1	 	0	08-09-2017  10:29:06AM
22594	1	288	          	1	1	 	0	08-09-2017  10:29:37AM
22595	1	288	          	1	1	 	0	08-09-2017  10:29:37AM
22596	1	288	          	1	1	 	0	08-09-2017  10:29:38AM
22597	1	376	          	1	1	 	0	08-09-2017  10:33:28AM
22598	1	394	          	1	1	 	0	08-09-2017  10:34:42AM
22599	1	399	          	1	1	 	0	08-09-2017  10:34:58AM
22600	1	399	          	1	1	 	0	08-09-2017  10:34:59AM
22601	1	399	          	1	1	 	0	08-09-2017  10:35:00AM
22602	1	397	          	1	1	 	0	08-09-2017  10:39:01AM
22603	1	395	          	1	1	 	0	08-09-2017  10:40:04AM
22604	1	422	          	1	1	 	0	08-09-2017  10:40:09AM
22605	1	351	          	1	1	 	0	08-09-2017  10:41:41AM
22606	1	351	          	1	1	 	0	08-09-2017  10:41:42AM
22572	1	415	          	1	1	 	0	08-09-2017  08:53:19AM
22573	1	415	          	1	1	 	0	08-09-2017  08:53:21AM
22574	1	425	          	1	1	 	0	08-09-2017  09:20:37AM
22575	1	425	          	1	1	 	0	08-09-2017  09:20:37AM
22576	1	421	          	1	1	 	0	08-09-2017  09:21:00AM
22577	1	363	          	1	1	 	0	08-09-2017  09:26:07AM
22578	1	387	          	1	1	 	0	08-09-2017  09:28:36AM
22579	1	370	          	1	1	 	0	08-09-2017  09:29:48AM
22580	1	416	          	1	1	 	0	08-09-2017  09:40:32AM
22581	1	417	          	1	1	 	0	08-09-2017  09:44:19AM
22582	1	420	          	1	1	 	0	08-09-2017  09:52:13AM
22583	1	405	          	1	1	 	0	08-09-2017  09:59:52AM
22584	1	424	          	1	1	 	0	08-09-2017  10:02:44AM
22585	1	403	          	1	1	 	0	08-09-2017  10:08:29AM
22586	1	393	          	1	3	 	0	08-09-2017  10:09:08AM
22587	1	391	          	1	1	 	0	08-09-2017  10:13:34AM
22588	1	384	          	1	1	 	0	08-09-2017  10:15:33AM
22589	1	377	          	1	1	 	0	08-09-2017  10:19:26AM
22590	1	406	          	1	1	 	0	08-09-2017  10:24:19AM
22591	1	368	          	1	1	 	0	08-09-2017  10:27:22AM
22592	1	313	          	1	1	 	0	08-09-2017  10:27:41AM
22593	1	320	          	1	1	 	0	08-09-2017  10:29:06AM
22594	1	288	          	1	1	 	0	08-09-2017  10:29:37AM
22595	1	288	          	1	1	 	0	08-09-2017  10:29:37AM
22596	1	288	          	1	1	 	0	08-09-2017  10:29:38AM
22597	1	376	          	1	1	 	0	08-09-2017  10:33:28AM
22598	1	394	          	1	1	 	0	08-09-2017  10:34:42AM
22599	1	399	          	1	1	 	0	08-09-2017  10:34:58AM
22600	1	399	          	1	1	 	0	08-09-2017  10:34:59AM
22601	1	399	          	1	1	 	0	08-09-2017  10:35:00AM
22602	1	397	          	1	1	 	0	08-09-2017  10:39:01AM
22603	1	395	          	1	1	 	0	08-09-2017  10:40:04AM
22604	1	422	          	1	1	 	0	08-09-2017  10:40:09AM
22605	1	351	          	1	1	 	0	08-09-2017  10:41:41AM
22606	1	351	          	1	1	 	0	08-09-2017  10:41:42AM
22607	1	419	          	1	1	 	0	08-09-2017  11:50:58AM
22608	1	363	          	1	1	 	0	08-09-2017  06:25:44PM
22609	1	417	          	1	1	 	0	08-09-2017  06:34:51PM
22610	1	425	          	1	1	 	0	08-09-2017  06:37:33PM
22611	1	425	          	1	1	 	0	08-09-2017  06:37:33PM
22612	1	416	          	1	1	 	0	08-09-2017  06:43:42PM
22613	1	387	          	1	1	 	0	08-09-2017  06:55:24PM
22614	1	405	          	1	1	 	0	08-09-2017  07:06:21PM
22615	1	403	          	1	1	 	0	08-09-2017  07:07:38PM
22616	1	421	          	1	1	 	0	08-09-2017  07:09:27PM
22617	1	419	          	1	1	 	0	08-09-2017  07:11:22PM
22618	1	370	          	1	1	 	0	08-09-2017  07:11:26PM
22619	1	384	          	1	1	 	0	08-09-2017  07:20:18PM
22620	1	424	          	1	1	 	0	08-09-2017  07:22:45PM
22621	1	313	          	1	1	 	0	08-09-2017  07:28:42PM
22622	1	288	          	1	1	 	0	08-09-2017  07:28:46PM
22623	1	320	          	1	1	 	0	08-09-2017  07:30:35PM
22624	1	391	          	1	1	 	0	08-09-2017  07:33:03PM
22625	1	393	          	1	3	 	0	08-09-2017  07:33:08PM
22626	1	377	          	1	1	 	0	08-09-2017  07:34:14PM
22627	1	376	          	1	1	 	0	08-09-2017  07:34:17PM
22628	1	368	          	1	1	 	0	08-09-2017  07:34:22PM
22629	1	395	          	1	1	 	0	08-09-2017  07:34:27PM
22630	1	394	          	1	1	 	0	08-09-2017  07:35:55PM
22631	1	397	          	1	1	 	0	08-09-2017  07:36:01PM
22632	1	406	          	1	1	 	0	08-09-2017  07:36:03PM
22633	1	399	          	1	1	 	0	08-09-2017  07:36:06PM
22634	1	399	          	1	1	 	0	08-09-2017  07:36:07PM
22635	1	399	          	1	1	 	0	08-09-2017  07:36:08PM
22636	1	422	          	1	1	 	0	08-09-2017  07:36:11PM
22637	1	351	          	1	1	 	0	08-09-2017  07:36:21PM
22638	1	351	          	1	1	 	0	08-09-2017  07:36:22PM
22639	1	415	          	1	1	 	0	08-09-2017  07:36:32PM
22640	1	415	          	1	1	 	0	08-09-2017  07:36:33PM
22641	1	415	          	1	1	 	0	08-09-2017  07:36:36PM
22642	1	420	          	1	1	 	0	08-09-2017  07:36:51PM
22643	1	421	          	1	1	 	0	08-10-2017  09:24:49AM
22644	1	425	          	1	1	 	0	08-10-2017  09:24:55AM
22645	1	387	          	1	1	 	0	08-10-2017  09:28:29AM
22646	1	420	          	1	1	 	0	08-10-2017  09:28:47AM
22647	1	417	          	1	1	 	0	08-10-2017  09:33:16AM
22648	1	416	          	1	1	 	0	08-10-2017  09:33:48AM
22649	1	363	          	1	1	 	0	08-10-2017  09:33:53AM
22650	1	406	          	1	1	 	0	08-10-2017  09:33:57AM
22651	1	370	          	1	1	 	0	08-10-2017  09:45:03AM
22652	1	384	          	1	1	 	0	08-10-2017  09:45:15AM
22653	1	405	          	1	1	 	0	08-10-2017  09:47:51AM
22654	1	393	          	1	3	 	0	08-10-2017  09:56:20AM
22655	1	419	          	1	1	 	0	08-10-2017  10:03:15AM
22656	1	415	          	1	1	 	0	08-10-2017  10:03:19AM
22657	1	415	          	1	1	 	0	08-10-2017  10:03:20AM
22658	1	424	          	1	1	 	0	08-10-2017  10:05:50AM
22659	1	403	          	1	1	 	0	08-10-2017  10:19:21AM
22660	1	351	          	1	1	 	0	08-10-2017  10:20:43AM
22661	1	351	          	1	1	 	0	08-10-2017  10:20:44AM
22662	1	357	          	1	1	 	0	08-10-2017  10:23:14AM
22663	1	357	          	1	1	 	0	08-10-2017  10:23:15AM
22664	1	377	          	1	1	 	0	08-10-2017  10:27:48AM
22665	1	313	          	1	1	 	0	08-10-2017  10:28:03AM
22666	1	391	          	1	1	 	0	08-10-2017  10:32:54AM
22667	1	368	          	1	1	 	0	08-10-2017  10:33:45AM
22668	1	288	          	1	1	 	0	08-10-2017  10:33:58AM
22669	1	397	          	1	1	 	0	08-10-2017  10:36:33AM
22670	1	320	          	1	1	 	0	08-10-2017  10:37:27AM
22671	1	394	          	1	1	 	0	08-10-2017  10:38:02AM
22672	1	399	          	1	1	 	0	08-10-2017  10:42:07AM
22673	1	395	          	1	1	 	0	08-10-2017  10:42:33AM
22674	1	422	          	1	1	 	0	08-10-2017  10:42:44AM
22675	1	376	          	1	1	 	0	08-10-2017  10:59:18AM
22643	1	421	          	1	1	 	0	08-10-2017  09:24:49AM
22644	1	425	          	1	1	 	0	08-10-2017  09:24:55AM
22645	1	387	          	1	1	 	0	08-10-2017  09:28:29AM
22646	1	420	          	1	1	 	0	08-10-2017  09:28:47AM
22647	1	417	          	1	1	 	0	08-10-2017  09:33:16AM
22648	1	416	          	1	1	 	0	08-10-2017  09:33:48AM
22649	1	363	          	1	1	 	0	08-10-2017  09:33:53AM
22650	1	406	          	1	1	 	0	08-10-2017  09:33:57AM
22651	1	384	          	1	1	 	0	08-10-2017  09:45:15AM
22652	1	405	          	1	1	 	0	08-10-2017  09:47:51AM
22653	1	370	          	1	1	 	0	08-10-2017  09:52:03AM
22654	1	393	          	1	3	 	0	08-10-2017  09:56:20AM
22655	1	419	          	1	1	 	0	08-10-2017  10:03:15AM
22656	1	415	          	1	1	 	0	08-10-2017  10:03:19AM
22657	1	415	          	1	1	 	0	08-10-2017  10:03:20AM
22658	1	424	          	1	1	 	0	08-10-2017  10:05:50AM
22659	1	403	          	1	1	 	0	08-10-2017  10:19:21AM
22660	1	351	          	1	1	 	0	08-10-2017  10:20:43AM
22661	1	351	          	1	1	 	0	08-10-2017  10:20:44AM
22662	1	357	          	1	1	 	0	08-10-2017  10:23:14AM
22663	1	357	          	1	1	 	0	08-10-2017  10:23:15AM
22664	1	377	          	1	1	 	0	08-10-2017  10:27:48AM
22665	1	313	          	1	1	 	0	08-10-2017  10:28:03AM
22666	1	391	          	1	1	 	0	08-10-2017  10:32:54AM
22667	1	368	          	1	1	 	0	08-10-2017  10:33:45AM
22668	1	288	          	1	1	 	0	08-10-2017  10:33:58AM
22669	1	397	          	1	1	 	0	08-10-2017  10:36:33AM
22670	1	320	          	1	1	 	0	08-10-2017  10:37:27AM
22671	1	394	          	1	1	 	0	08-10-2017  10:38:02AM
22672	1	399	          	1	1	 	0	08-10-2017  10:42:07AM
22673	1	395	          	1	1	 	0	08-10-2017  10:42:33AM
22674	1	422	          	1	1	 	0	08-10-2017  10:42:44AM
22675	1	376	          	1	1	 	0	08-10-2017  10:59:18AM
22676	1	370	          	1	1	 	0	08-10-2017  11:12:25AM
22677	1	351	          	1	1	 	0	08-10-2017  02:38:06PM
22678	1	406	          	1	1	 	0	08-10-2017  05:16:06PM
22679	1	363	          	1	1	 	0	08-10-2017  06:34:43PM
22680	1	425	          	1	1	 	0	08-10-2017  06:41:17PM
22681	1	425	          	1	1	 	0	08-10-2017  06:41:18PM
22682	1	417	          	1	1	 	0	08-10-2017  06:42:40PM
22683	1	387	          	1	1	 	0	08-10-2017  06:49:34PM
22684	1	421	          	1	1	 	0	08-10-2017  07:09:14PM
22685	1	424	          	1	1	 	0	08-10-2017  07:10:44PM
22686	1	424	          	1	1	 	0	08-10-2017  07:10:45PM
22687	1	384	          	1	1	 	0	08-10-2017  07:14:12PM
22688	1	419	          	1	1	 	0	08-10-2017  07:15:48PM
22689	1	416	          	1	1	 	0	08-10-2017  07:17:51PM
22690	1	370	          	1	1	 	0	08-10-2017  07:34:22PM
22691	1	357	          	1	1	 	0	08-10-2017  07:36:16PM
22692	1	391	          	1	1	 	0	08-10-2017  07:36:43PM
22693	1	393	          	1	3	 	0	08-10-2017  07:36:45PM
22694	1	405	          	1	1	 	0	08-10-2017  07:37:25PM
22695	1	376	          	1	1	 	0	08-10-2017  07:39:28PM
22696	1	397	          	1	1	 	0	08-10-2017  07:39:35PM
22697	1	377	          	1	1	 	0	08-10-2017  07:39:38PM
22698	1	399	          	1	1	 	0	08-10-2017  07:39:44PM
22699	1	399	          	1	1	 	0	08-10-2017  07:39:45PM
22700	1	399	          	1	1	 	0	08-10-2017  07:39:46PM
22701	1	394	          	1	1	 	0	08-10-2017  07:39:48PM
22702	1	368	          	1	1	 	0	08-10-2017  07:39:55PM
22703	1	403	          	1	1	 	0	08-10-2017  07:40:08PM
22704	1	422	          	1	1	 	0	08-10-2017  07:40:57PM
22705	1	422	          	1	1	 	0	08-10-2017  07:40:58PM
22706	1	395	          	1	1	 	0	08-10-2017  07:41:03PM
22707	1	288	          	1	1	 	0	08-10-2017  07:41:49PM
22708	1	288	          	1	1	 	0	08-10-2017  07:41:51PM
22709	1	320	          	1	1	 	0	08-10-2017  07:42:03PM
22710	1	415	          	1	1	 	0	08-10-2017  07:42:10PM
22711	1	415	          	1	1	 	0	08-10-2017  07:42:12PM
22712	1	420	          	1	1	 	0	08-10-2017  07:42:32PM
22713	1	415	          	1	1	 	0	08-11-2017  09:04:16AM
22714	1	415	          	1	1	 	0	08-11-2017  09:04:17AM
22715	1	421	          	1	1	 	0	08-11-2017  09:12:50AM
22716	1	420	          	1	1	 	0	08-11-2017  09:15:42AM
22717	1	425	          	1	1	 	0	08-11-2017  09:23:25AM
22718	1	425	          	1	1	 	0	08-11-2017  09:23:26AM
22719	1	384	          	1	1	 	0	08-11-2017  09:26:00AM
22720	1	417	          	1	1	 	0	08-11-2017  09:31:47AM
22721	1	387	          	1	1	 	0	08-11-2017  09:39:50AM
22722	1	363	          	1	1	 	0	08-11-2017  09:42:30AM
22723	1	416	          	1	1	 	0	08-11-2017  09:45:34AM
22724	1	405	          	1	1	 	0	08-11-2017  09:57:28AM
22725	1	419	          	1	1	 	0	08-11-2017  10:02:36AM
22726	1	403	          	1	1	 	0	08-11-2017  10:05:31AM
22727	1	393	          	1	3	 	0	08-11-2017  10:11:14AM
22728	1	357	          	1	1	 	0	08-11-2017  10:23:04AM
22729	1	368	          	1	1	 	0	08-11-2017  10:23:09AM
22730	1	320	          	1	1	 	0	08-11-2017  10:28:28AM
22731	1	313	          	1	1	 	0	08-11-2017  10:28:32AM
22732	1	377	          	1	1	 	0	08-11-2017  10:30:06AM
22733	1	391	          	1	1	 	0	08-11-2017  10:34:13AM
22734	1	397	          	1	1	 	0	08-11-2017  10:35:41AM
22735	1	288	          	1	1	 	0	08-11-2017  10:38:15AM
22736	1	288	          	1	1	 	0	08-11-2017  10:38:16AM
22737	1	399	          	1	1	 	0	08-11-2017  10:41:31AM
22738	1	399	          	1	1	 	0	08-11-2017  10:41:32AM
22739	1	370	          	1	1	 	0	08-11-2017  10:41:46AM
22740	1	395	          	1	1	 	0	08-11-2017  10:48:58AM
22741	1	422	          	1	1	 	0	08-11-2017  10:49:07AM
22742	1	376	          	1	1	 	0	08-11-2017  11:15:46AM
22713	1	415	          	1	1	 	0	08-11-2017  09:04:16AM
22714	1	415	          	1	1	 	0	08-11-2017  09:04:17AM
22715	1	421	          	1	1	 	0	08-11-2017  09:12:50AM
22716	1	420	          	1	1	 	0	08-11-2017  09:15:42AM
22717	1	425	          	1	1	 	0	08-11-2017  09:23:25AM
22718	1	425	          	1	1	 	0	08-11-2017  09:23:26AM
22719	1	384	          	1	1	 	0	08-11-2017  09:26:00AM
22720	1	417	          	1	1	 	0	08-11-2017  09:31:47AM
22721	1	387	          	1	1	 	0	08-11-2017  09:39:50AM
22722	1	363	          	1	1	 	0	08-11-2017  09:42:30AM
22723	1	416	          	1	1	 	0	08-11-2017  09:45:34AM
22724	1	405	          	1	1	 	0	08-11-2017  09:57:28AM
22725	1	419	          	1	1	 	0	08-11-2017  10:02:36AM
22726	1	403	          	1	1	 	0	08-11-2017  10:05:31AM
22727	1	393	          	1	3	 	0	08-11-2017  10:11:14AM
22728	1	357	          	1	1	 	0	08-11-2017  10:23:04AM
22729	1	368	          	1	1	 	0	08-11-2017  10:23:09AM
22730	1	320	          	1	1	 	0	08-11-2017  10:28:28AM
22731	1	313	          	1	1	 	0	08-11-2017  10:28:32AM
22732	1	377	          	1	1	 	0	08-11-2017  10:30:06AM
22733	1	391	          	1	1	 	0	08-11-2017  10:34:13AM
22734	1	397	          	1	1	 	0	08-11-2017  10:35:41AM
22735	1	288	          	1	1	 	0	08-11-2017  10:38:15AM
22736	1	288	          	1	1	 	0	08-11-2017  10:38:16AM
22737	1	399	          	1	1	 	0	08-11-2017  10:41:31AM
22738	1	399	          	1	1	 	0	08-11-2017  10:41:32AM
22739	1	370	          	1	1	 	0	08-11-2017  10:43:46AM
22740	1	395	          	1	1	 	0	08-11-2017  10:48:58AM
22741	1	422	          	1	1	 	0	08-11-2017  10:49:07AM
22742	1	376	          	1	1	 	0	08-11-2017  11:15:46AM
22743	1	363	          	1	1	 	0	08-11-2017  05:43:52PM
22744	1	387	          	1	1	 	0	08-11-2017  05:44:08PM
22745	1	387	          	1	1	 	0	08-11-2017  05:44:11PM
22746	1	405	          	1	1	 	0	08-11-2017  05:44:14PM
22747	1	313	          	1	1	 	0	08-11-2017  05:50:39PM
22748	1	320	          	1	1	 	0	08-11-2017  05:51:21PM
22749	1	320	          	1	1	 	0	08-11-2017  05:51:22PM
22750	1	320	          	1	1	 	0	08-11-2017  05:51:23PM
22751	1	320	          	1	1	 	0	08-11-2017  05:53:24PM
22752	1	288	          	1	1	 	0	08-11-2017  05:54:20PM
22753	1	288	          	1	1	 	0	08-11-2017  05:54:22PM
22754	1	416	          	1	1	 	0	08-11-2017  06:02:16PM
22755	1	357	          	1	1	 	0	08-11-2017  06:05:34PM
22756	1	421	          	1	1	 	0	08-11-2017  06:06:11PM
22757	1	395	          	1	1	 	0	08-11-2017  06:08:41PM
22758	1	422	          	1	1	 	0	08-11-2017  06:09:07PM
22759	1	377	          	1	1	 	0	08-11-2017  06:11:10PM
22760	1	376	          	1	1	 	0	08-11-2017  06:11:16PM
22761	1	368	          	1	1	 	0	08-11-2017  06:11:23PM
22762	1	376	          	1	1	 	0	08-11-2017  06:13:18PM
22763	1	368	          	1	1	 	0	08-11-2017  06:13:21PM
22764	1	370	          	1	1	 	0	08-11-2017  06:13:34PM
22765	1	419	          	1	1	 	0	08-11-2017  06:13:44PM
22766	1	397	          	1	1	 	0	08-11-2017  06:13:49PM
22767	1	425	          	1	1	 	0	08-11-2017  06:14:28PM
22768	1	391	          	1	1	 	0	08-11-2017  06:15:48PM
22769	1	394	          	1	1	 	0	08-11-2017  06:15:51PM
22770	1	393	          	1	3	 	0	08-11-2017  06:15:53PM
22771	1	399	          	1	1	 	0	08-11-2017  06:15:57PM
22772	1	403	          	1	1	 	0	08-11-2017  06:18:02PM
22773	1	417	          	1	1	 	0	08-11-2017  06:22:54PM
22774	1	420	          	1	1	 	0	08-11-2017  06:25:33PM
22775	1	415	          	1	1	 	0	08-11-2017  06:25:38PM
22776	1	415	          	1	1	 	0	08-11-2017  06:25:39PM
22777	1	420	          	1	1	 	0	08-11-2017  06:25:53PM
22778	1	415	          	1	1	 	0	08-14-2017  08:48:39AM
22779	1	415	          	1	1	 	0	08-14-2017  08:48:40AM
22780	1	421	          	1	1	 	0	08-14-2017  09:05:12AM
22781	1	420	          	1	1	 	0	08-14-2017  09:14:01AM
22782	1	363	          	1	1	 	0	08-14-2017  09:25:30AM
22783	1	417	          	1	1	 	0	08-14-2017  09:25:37AM
22784	1	425	          	1	1	 	0	08-14-2017  09:25:50AM
22785	1	425	          	1	1	 	0	08-14-2017  09:25:51AM
22786	1	387	          	1	1	 	0	08-14-2017  09:35:03AM
22787	1	416	          	1	1	 	0	08-14-2017  09:36:30AM
22788	1	424	          	1	1	 	0	08-14-2017  09:47:02AM
22789	1	393	          	1	3	 	0	08-14-2017  09:51:18AM
22790	1	391	          	1	1	 	0	08-14-2017  09:56:25AM
22791	1	403	          	1	1	 	0	08-14-2017  10:17:50AM
22792	1	403	          	1	1	 	0	08-14-2017  10:17:51AM
22793	1	357	          	1	1	 	0	08-14-2017  10:18:38AM
22794	1	377	          	1	1	 	0	08-14-2017  10:27:00AM
22795	1	368	          	1	1	 	0	08-14-2017  10:31:07AM
22796	1	399	          	1	1	 	0	08-14-2017  10:47:01AM
22797	1	399	          	1	1	 	0	08-14-2017  10:47:02AM
22798	1	399	          	1	1	 	0	08-14-2017  10:47:03AM
22799	1	397	          	1	1	 	0	08-14-2017  10:48:34AM
22800	1	397	          	1	1	 	0	08-14-2017  10:48:34AM
22801	1	288	          	1	1	 	0	08-14-2017  10:48:46AM
22802	1	376	          	1	1	 	0	08-14-2017  10:53:52AM
22803	1	370	          	1	1	 	0	08-14-2017  11:31:49AM
22804	1	417	          	1	1	 	0	08-14-2017  06:24:02PM
22805	1	425	          	1	1	 	0	08-14-2017  06:26:12PM
22806	1	425	          	1	1	 	0	08-14-2017  06:26:13PM
22807	1	363	          	1	1	 	0	08-14-2017  06:37:01PM
22808	1	416	          	1	1	 	0	08-14-2017  06:37:26PM
22809	1	424	          	1	1	 	0	08-14-2017  06:48:42PM
22810	1	387	          	1	1	 	0	08-14-2017  06:54:40PM
22811	1	370	          	1	1	 	0	08-14-2017  07:04:48PM
22812	1	421	          	1	1	 	0	08-14-2017  07:04:00PM
22813	1	403	          	1	1	 	0	08-14-2017  07:29:16PM
22814	1	391	          	1	1	 	0	08-14-2017  07:31:09PM
22815	1	393	          	1	3	 	0	08-14-2017  07:31:11PM
22816	1	288	          	1	1	 	0	08-14-2017  07:32:56PM
22817	1	288	          	1	1	 	0	08-14-2017  07:32:57PM
22818	1	377	          	1	1	 	0	08-14-2017  07:34:42PM
22819	1	376	          	1	1	 	0	08-14-2017  07:34:49PM
22820	1	357	          	1	1	 	0	08-14-2017  07:36:16PM
22821	1	368	          	1	1	 	0	08-14-2017  07:36:21PM
22822	1	420	          	1	1	 	0	08-14-2017  07:36:27PM
22823	1	399	          	1	1	 	0	08-14-2017  07:51:36PM
22824	1	399	          	1	1	 	0	08-14-2017  07:51:37PM
22825	1	415	          	1	1	 	0	08-14-2017  07:51:43PM
22826	1	415	          	1	1	 	0	08-14-2017  07:51:44PM
22827	1	420	          	1	1	 	0	08-16-2017  09:12:30AM
22828	1	387	          	1	1	 	0	08-16-2017  09:12:37AM
22829	1	415	          	1	1	 	0	08-16-2017  09:12:41AM
22830	1	415	          	1	1	 	0	08-16-2017  09:12:50AM
22831	1	421	          	1	1	 	0	08-16-2017  09:26:37AM
22832	1	363	          	1	1	 	0	08-16-2017  09:29:10AM
22833	1	425	          	1	1	 	0	08-16-2017  09:32:55AM
22834	1	425	          	1	1	 	0	08-16-2017  09:32:56AM
22835	1	417	          	1	1	 	0	08-16-2017  09:39:44AM
22836	1	416	          	1	1	 	0	08-16-2017  09:44:26AM
22837	1	405	          	1	1	 	0	08-16-2017  09:46:44AM
22838	1	357	          	1	1	 	0	08-16-2017  09:48:08AM
22839	1	419	          	1	1	 	0	08-16-2017  09:49:49AM
22840	1	370	          	1	1	 	0	08-16-2017  09:54:30AM
22841	1	424	          	1	1	 	0	08-16-2017  09:55:54AM
22842	1	393	          	1	3	 	0	08-16-2017  10:13:47AM
22843	1	384	          	1	1	 	0	08-16-2017  10:15:42AM
22844	1	403	          	1	1	 	0	08-16-2017  10:15:49AM
22845	1	368	          	1	1	 	0	08-16-2017  10:23:09AM
22846	1	391	          	1	1	 	0	08-16-2017  10:33:33AM
22847	1	377	          	1	1	 	0	08-16-2017  10:34:17AM
22848	1	395	          	1	1	 	0	08-16-2017  10:34:57AM
22849	1	422	          	1	1	 	0	08-16-2017  10:35:04AM
22850	1	422	          	1	1	 	0	08-16-2017  10:35:05AM
22851	1	386	          	1	1	 	0	08-16-2017  10:37:54AM
22852	1	386	          	1	1	 	0	08-16-2017  10:37:56AM
22853	1	399	          	1	1	 	0	08-16-2017  10:39:32AM
22854	1	399	          	1	1	 	0	08-16-2017  10:39:33AM
22855	1	397	          	1	1	 	0	08-16-2017  10:42:50AM
22856	1	288	          	1	1	 	0	08-16-2017  10:44:40AM
22857	1	423	          	1	1	 	0	08-16-2017  11:24:20AM

